Geography,Geographic Area Name,Total,"Management, business, science, and arts occupations",Service occupations,Sales and office occupations,"Natural resources, construction, and maintenance occupations","Production, transportation, and material moving occupations"
1400000US26001000100,"Census Tract 1, Alcona County, Michigan",478,30.8,19.5,25.9,13.2,10.7
1400000US26001970100,"Census Tract 9701, Alcona County, Michigan",737,26.1,23.1,25.9,11.3,13.7
1400000US26001970400,"Census Tract 9704, Alcona County, Michigan",999,18.9,20.9,19.1,17.2,23.8
1400000US26001970500,"Census Tract 9705, Alcona County, Michigan",600,20,22,19.5,11.8,26.7
1400000US26001970600,"Census Tract 9706, Alcona County, Michigan",505,25.1,22.8,24.6,10.7,16.8
1400000US26001990000,"Census Tract 9900, Alcona County, Michigan",0,-,-,-,-,-
1400000US26003000100,"Census Tract 1, Alger County, Michigan",1483,24.3,23.5,26.9,6.1,19.2
1400000US26003000200,"Census Tract 2, Alger County, Michigan",1031,39.7,18.3,22.2,9.2,10.6
1400000US26003000300,"Census Tract 3, Alger County, Michigan",687,27.4,18.9,19.5,13,21.3
1400000US26003990000,"Census Tract 9900, Alger County, Michigan",0,-,-,-,-,-
1400000US26005030200,"Census Tract 302, Allegan County, Michigan",1661,44.6,15.8,20.8,6.7,12.2
1400000US26005030300,"Census Tract 303, Allegan County, Michigan",3722,23.1,15.5,24.3,13.6,23.5
1400000US26005030401,"Census Tract 304.01, Allegan County, Michigan",4275,28,16.5,20,16.4,19.1
1400000US26005030402,"Census Tract 304.02, Allegan County, Michigan",2389,29.3,13.3,23.1,15.9,18.4
1400000US26005030500,"Census Tract 305, Allegan County, Michigan",3292,24,18.3,21.7,13,22.9
1400000US26005030600,"Census Tract 306, Allegan County, Michigan",2365,25.2,14.6,16.8,15.5,27.9
1400000US26005030702,"Census Tract 307.02, Allegan County, Michigan",2492,29.7,12,22,11.6,24.6
1400000US26005030703,"Census Tract 307.03, Allegan County, Michigan",1197,18.2,13.4,21.1,16,31.3
1400000US26005030704,"Census Tract 307.04, Allegan County, Michigan",2108,23.6,16.4,21.3,10,28.7
1400000US26005030800,"Census Tract 308, Allegan County, Michigan",2363,36.9,15.6,23.1,8.5,15.9
1400000US26005030901,"Census Tract 309.01, Allegan County, Michigan",1158,37.3,15.5,21.8,11.1,14.3
1400000US26005030902,"Census Tract 309.02, Allegan County, Michigan",1061,33.8,11.7,19.2,9.2,26
1400000US26005031000,"Census Tract 310, Allegan County, Michigan",2267,23.2,21,18.8,14.2,22.8
1400000US26005031100,"Census Tract 311, Allegan County, Michigan",2889,32.6,15.6,17.7,13,21
1400000US26005031200,"Census Tract 312, Allegan County, Michigan",2200,40.4,14.7,16.1,9.7,19.1
1400000US26005031300,"Census Tract 313, Allegan County, Michigan",2266,28.6,19.2,17.5,11.8,22.8
1400000US26005031800,"Census Tract 318, Allegan County, Michigan",2105,35.3,12.3,22.3,7.3,22.9
1400000US26005031900,"Census Tract 319, Allegan County, Michigan",2241,20,21.3,23.6,10.3,24.9
1400000US26005032000,"Census Tract 320, Allegan County, Michigan",2513,34.2,19.1,17.5,8.3,20.9
1400000US26005032100,"Census Tract 321, Allegan County, Michigan",2255,30.7,14.1,27.2,11.1,16.8
1400000US26005032200,"Census Tract 322, Allegan County, Michigan",2078,23,15.7,24.6,9.2,27.5
1400000US26005032401,"Census Tract 324.01, Allegan County, Michigan",788,22.3,21.8,14,16.5,25.4
1400000US26005032402,"Census Tract 324.02, Allegan County, Michigan",2085,30.6,12.9,21.6,9.8,25
1400000US26005032600,"Census Tract 326, Allegan County, Michigan",748,34.9,12.4,19.4,6.6,26.7
1400000US26005990000,"Census Tract 9900, Allegan County, Michigan",0,-,-,-,-,-
1400000US26007000100,"Census Tract 1, Alpena County, Michigan",1813,31.8,14.6,19.4,14.2,20
1400000US26007000200,"Census Tract 2, Alpena County, Michigan",1957,26.2,21.4,26.2,10.1,16
1400000US26007000300,"Census Tract 3, Alpena County, Michigan",1580,30.6,21.6,21.1,12.8,13.9
1400000US26007000400,"Census Tract 4, Alpena County, Michigan",1291,20,19.5,33.1,9.8,17.6
1400000US26007000500,"Census Tract 5, Alpena County, Michigan",834,30.8,23.7,27.9,3.6,13.9
1400000US26007000600,"Census Tract 6, Alpena County, Michigan",1284,29.4,16,36.1,7.6,10.7
1400000US26007000700,"Census Tract 7, Alpena County, Michigan",1214,35.1,20,23.3,10.6,11
1400000US26007000800,"Census Tract 8, Alpena County, Michigan",1292,31,18.7,30.9,8.5,10.9
1400000US26007000900,"Census Tract 9, Alpena County, Michigan",1195,33.4,11,35.2,8.5,11.9
1400000US26007990000,"Census Tract 9900, Alpena County, Michigan",0,-,-,-,-,-
1400000US26009960100,"Census Tract 9601, Antrim County, Michigan",1121,27.4,21.1,23.7,14.6,13.1
1400000US26009960200,"Census Tract 9602, Antrim County, Michigan",1432,23.5,20.3,21.2,13.3,21.9
1400000US26009960300,"Census Tract 9603, Antrim County, Michigan",1172,27.7,21.5,18.3,8.6,23.9
1400000US26009960400,"Census Tract 9604, Antrim County, Michigan",1235,33.8,28.4,15.6,7.8,14.3
1400000US26009960500,"Census Tract 9605, Antrim County, Michigan",1375,33.9,15.6,23.6,14,12.9
1400000US26009960600,"Census Tract 9606, Antrim County, Michigan",1314,33.5,15.9,26.9,8.2,15.5
1400000US26009960700,"Census Tract 9607, Antrim County, Michigan",1999,15.7,25.4,26.4,12.2,20.5
1400000US26009990000,"Census Tract 9900, Antrim County, Michigan",0,-,-,-,-,-
1400000US26011970100,"Census Tract 9701, Arenac County, Michigan",846,24.3,24.5,21.3,8.3,21.6
1400000US26011970200,"Census Tract 9702, Arenac County, Michigan",1197,23.5,22.1,23.1,15.5,16
1400000US26011970300,"Census Tract 9703, Arenac County, Michigan",1145,29.2,15.5,23.5,11.7,20.1
1400000US26011970400,"Census Tract 9704, Arenac County, Michigan",953,30.2,21.1,23.1,9.7,15.9
1400000US26011970500,"Census Tract 9705, Arenac County, Michigan",1612,24.6,18.8,23.2,9.4,24.1
1400000US26011990000,"Census Tract 9900, Arenac County, Michigan",0,-,-,-,-,-
1400000US26011990100,"Census Tract 9901, Arenac County, Michigan",0,-,-,-,-,-
1400000US26013000100,"Census Tract 1, Baraga County, Michigan",1510,25.6,22.3,26.9,9.4,15.8
1400000US26013000200,"Census Tract 2, Baraga County, Michigan",903,31.1,15.8,21.7,9.6,21.7
1400000US26013990100,"Census Tract 9901, Baraga County, Michigan",0,-,-,-,-,-
1400000US26015010100,"Census Tract 101, Barry County, Michigan",2774,24,20.3,23.9,11.1,20.8
1400000US26015010200,"Census Tract 102, Barry County, Michigan",2770,32.7,12.1,20.1,15.2,19.9
1400000US26015010300,"Census Tract 103, Barry County, Michigan",3754,32.2,15.1,19.4,10.8,22.5
1400000US26015010401,"Census Tract 104.01, Barry County, Michigan",1564,27.3,14,26.7,8.3,23.7
1400000US26015010402,"Census Tract 104.02, Barry County, Michigan",1869,31.7,8.2,32,11.9,16.3
1400000US26015010500,"Census Tract 105, Barry County, Michigan",1641,37.9,16.3,20.5,13.3,11.9
1400000US26015010600,"Census Tract 106, Barry County, Michigan",2989,31.1,16.1,21.4,13.7,17.7
1400000US26015010700,"Census Tract 107, Barry County, Michigan",2269,27.4,15.3,20.9,14.4,21.9
1400000US26015010800,"Census Tract 108, Barry County, Michigan",1407,25.4,16.6,20,15.8,22.1
1400000US26015011300,"Census Tract 113, Barry County, Michigan",3507,28.2,15.3,23.2,8.7,24.6
1400000US26015011400,"Census Tract 114, Barry County, Michigan",2902,36.5,14.3,18.8,5,25.5
1400000US26017280300,"Census Tract 2803, Bay County, Michigan",583,20.6,36.5,23.8,3.9,15.1
1400000US26017280400,"Census Tract 2804, Bay County, Michigan",1340,22.3,28.3,25.7,5.6,18.1
1400000US26017280500,"Census Tract 2805, Bay County, Michigan",1671,37.2,20.7,25.7,7.6,8.8
1400000US26017280600,"Census Tract 2806, Bay County, Michigan",1073,24.5,25.4,27,9.6,13.4
1400000US26017280700,"Census Tract 2807, Bay County, Michigan",997,19,23.8,29.1,7.9,20.3
1400000US26017280800,"Census Tract 2808, Bay County, Michigan",1628,22.2,19.9,33.7,10.1,14.1
1400000US26017280900,"Census Tract 2809, Bay County, Michigan",1228,18.9,25.8,33.1,5.5,16.7
1400000US26017281000,"Census Tract 2810, Bay County, Michigan",1752,19.9,27.3,30.3,5.5,17.1
1400000US26017281300,"Census Tract 2813, Bay County, Michigan",1185,25.9,20,26.6,13.8,13.8
1400000US26017285100,"Census Tract 2851, Bay County, Michigan",1392,29.1,24.9,22,10,14
1400000US26017285201,"Census Tract 2852.01, Bay County, Michigan",2520,29.3,18.6,24.8,10.5,16.8
1400000US26017285202,"Census Tract 2852.02, Bay County, Michigan",1662,38.9,17.4,22.3,6.4,15
1400000US26017285300,"Census Tract 2853, Bay County, Michigan",2124,28.2,23.7,22,12,14
1400000US26017285400,"Census Tract 2854, Bay County, Michigan",1834,38,14.7,21.4,11.1,14.7
1400000US26017285500,"Census Tract 2855, Bay County, Michigan",3106,40.2,16.5,22.6,5.8,14.8
1400000US26017285600,"Census Tract 2856, Bay County, Michigan",3522,31.1,18.9,27.1,9.4,13.6
1400000US26017285700,"Census Tract 2857, Bay County, Michigan",1643,35.2,18.9,22.6,9.5,13.8
1400000US26017285800,"Census Tract 2858, Bay County, Michigan",2542,33.1,21.1,26.8,4,15
1400000US26017285900,"Census Tract 2859, Bay County, Michigan",1691,18.5,20.3,39.1,8.5,13.6
1400000US26017286000,"Census Tract 2860, Bay County, Michigan",1633,29.4,18.9,24.9,5.3,21.6
1400000US26017286100,"Census Tract 2861, Bay County, Michigan",3528,30.7,17.6,22.5,10.3,19
1400000US26017286200,"Census Tract 2862, Bay County, Michigan",2054,26.6,22.8,21.5,6.4,22.7
1400000US26017286300,"Census Tract 2863, Bay County, Michigan",1683,23.9,15.9,26.3,12.3,21.6
1400000US26017286400,"Census Tract 2864, Bay County, Michigan",1236,21.5,17.9,24.7,17.6,18.3
1400000US26017286500,"Census Tract 2865, Bay County, Michigan",501,27.5,21.8,35.1,2.2,13.4
1400000US26017286600,"Census Tract 2866, Bay County, Michigan",2114,18.3,30.7,23.9,11.5,15.7
1400000US26017990000,"Census Tract 9900, Bay County, Michigan",0,-,-,-,-,-
1400000US26019000100,"Census Tract 1, Benzie County, Michigan",3710,32.4,19.8,24,12.1,11.6
1400000US26019000200,"Census Tract 2, Benzie County, Michigan",1351,25,21.4,24.7,19.3,9.5
1400000US26019000300,"Census Tract 3, Benzie County, Michigan",555,40.5,15,18.4,6.1,20
1400000US26019000400,"Census Tract 4, Benzie County, Michigan",819,33.7,23,16.7,14.7,12
1400000US26019000500,"Census Tract 5, Benzie County, Michigan",1269,21.8,24.2,24.6,14.1,15.3
1400000US26019990000,"Census Tract 9900, Benzie County, Michigan",0,-,-,-,-,-
1400000US26021000300,"Census Tract 3, Berrien County, Michigan",650,14.8,26.9,23.8,5.4,29.1
1400000US26021000400,"Census Tract 4, Berrien County, Michigan",611,15.4,32.1,32.7,7.7,12.1
1400000US26021000500,"Census Tract 5, Berrien County, Michigan",610,24.4,15.7,28.2,4.4,27.2
1400000US26021000600,"Census Tract 6, Berrien County, Michigan",1126,22.5,33.8,16.3,4.3,23.2
1400000US26021000700,"Census Tract 7, Berrien County, Michigan",1420,29.4,23.2,25.1,7.5,14.8
1400000US26021000800,"Census Tract 8, Berrien County, Michigan",2922,44.1,15.5,26.9,4.6,8.9
1400000US26021000900,"Census Tract 9, Berrien County, Michigan",966,43.7,12.7,24.8,7.8,11
1400000US26021001000,"Census Tract 10, Berrien County, Michigan",980,58,9.9,18.6,4.2,9.4
1400000US26021001100,"Census Tract 11, Berrien County, Michigan",2038,50.2,10.2,21.2,4.7,13.6
1400000US26021001300,"Census Tract 13, Berrien County, Michigan",987,53,15.7,21.1,2.7,7.5
1400000US26021001400,"Census Tract 14, Berrien County, Michigan",2101,51.4,14.6,19.6,2,12.4
1400000US26021001500,"Census Tract 15, Berrien County, Michigan",1459,50.2,14.9,21,2.5,11.4
1400000US26021001600,"Census Tract 16, Berrien County, Michigan",1220,43.6,14.8,30.6,6.6,4.5
1400000US26021001700,"Census Tract 17, Berrien County, Michigan",2323,51.5,15.7,13.1,7.1,12.7
1400000US26021001800,"Census Tract 18, Berrien County, Michigan",2139,44.5,13.3,20.2,10.1,11.9
1400000US26021001900,"Census Tract 19, Berrien County, Michigan",844,32,13.7,24.2,7.8,22.3
1400000US26021002000,"Census Tract 20, Berrien County, Michigan",1472,22.9,29.3,24,2.2,21.5
1400000US26021002100,"Census Tract 21, Berrien County, Michigan",540,16.1,30.2,22.2,9.3,22.2
1400000US26021002200,"Census Tract 22, Berrien County, Michigan",781,5,33.3,37.3,5.4,19.1
1400000US26021002300,"Census Tract 23, Berrien County, Michigan",834,11,27.3,23.6,9.2,28.8
1400000US26021002400,"Census Tract 24, Berrien County, Michigan",855,20.1,14.7,25.1,25.4,14.6
1400000US26021002500,"Census Tract 25, Berrien County, Michigan",925,27.4,21,24.4,9,18.3
1400000US26021010100,"Census Tract 101, Berrien County, Michigan",1701,29.7,14.1,22.8,9.2,24.2
1400000US26021010200,"Census Tract 102, Berrien County, Michigan",3177,31.6,18.1,24.1,9.3,16.9
1400000US26021010300,"Census Tract 103, Berrien County, Michigan",1964,23.1,20.4,22.5,12.6,21.5
1400000US26021010400,"Census Tract 104, Berrien County, Michigan",1381,26.7,14.9,23.2,20.4,14.8
1400000US26021010500,"Census Tract 105, Berrien County, Michigan",1032,31.1,9.9,22.4,18.8,17.8
1400000US26021010600,"Census Tract 106, Berrien County, Michigan",2418,42.2,13.9,18.8,14.7,10.5
1400000US26021011000,"Census Tract 110, Berrien County, Michigan",1417,28.7,20.1,20,14.4,16.9
1400000US26021011100,"Census Tract 111, Berrien County, Michigan",2418,42.5,18.3,19.5,5,14.7
1400000US26021011200,"Census Tract 112, Berrien County, Michigan",1256,36.9,17.8,36.1,7.2,2
1400000US26021011300,"Census Tract 113, Berrien County, Michigan",1834,43.1,17.3,21.9,10.7,7
1400000US26021011400,"Census Tract 114, Berrien County, Michigan",1245,25.5,26.3,17.4,13.8,16.9
1400000US26021011500,"Census Tract 115, Berrien County, Michigan",607,24.2,21.1,15.8,16.6,22.2
1400000US26021011600,"Census Tract 116, Berrien County, Michigan",923,22.5,21.2,21.3,15.3,19.6
1400000US26021020100,"Census Tract 201, Berrien County, Michigan",1148,32.2,12.9,30.3,4.5,20
1400000US26021020200,"Census Tract 202, Berrien County, Michigan",2511,31,18.2,20.5,12.1,18.1
1400000US26021020300,"Census Tract 203, Berrien County, Michigan",1352,34.9,14.9,21.7,9.6,18.9
1400000US26021020400,"Census Tract 204, Berrien County, Michigan",1870,40.7,10.2,24.9,10.8,13.3
1400000US26021020500,"Census Tract 205, Berrien County, Michigan",1025,19.1,21.5,21.5,12.4,25.6
1400000US26021020600,"Census Tract 206, Berrien County, Michigan",1401,28.8,17.7,26.1,3.9,23.6
1400000US26021020700,"Census Tract 207, Berrien County, Michigan",1154,15.5,20.6,27.1,9.6,27.1
1400000US26021020900,"Census Tract 209, Berrien County, Michigan",1461,26.8,20.3,21.7,7.6,23.7
1400000US26021021000,"Census Tract 210, Berrien County, Michigan",2290,17.2,23.2,27.6,13.9,18.1
1400000US26021021100,"Census Tract 211, Berrien County, Michigan",848,24.8,15.4,26.4,10.8,22.5
1400000US26021021200,"Census Tract 212, Berrien County, Michigan",585,13.5,23.2,19.8,11.6,31.8
1400000US26021021300,"Census Tract 213, Berrien County, Michigan",2934,40,31.1,21.5,3.5,3.9
1400000US26021021400,"Census Tract 214, Berrien County, Michigan",1693,39.9,18.8,16.4,14.4,10.5
1400000US26021990000,"Census Tract 9900, Berrien County, Michigan",0,-,-,-,-,-
1400000US26023950100,"Census Tract 9501, Branch County, Michigan",1677,23.5,20.6,20.6,12,23.3
1400000US26023950200,"Census Tract 9502, Branch County, Michigan",1415,26.4,15.9,24.7,8.6,24.4
1400000US26023950300,"Census Tract 9503, Branch County, Michigan",1705,23.1,16.8,22.1,10.3,27.7
1400000US26023950800,"Census Tract 9508, Branch County, Michigan",1838,21.9,19.1,20.8,15.8,22.3
1400000US26023950900,"Census Tract 9509, Branch County, Michigan",996,25.8,15.6,27.1,6.6,24.9
1400000US26023951000,"Census Tract 9510, Branch County, Michigan",1068,32.4,12.9,30.2,8,16.5
1400000US26023951100,"Census Tract 9511, Branch County, Michigan",1502,29.2,13,18.8,13.9,25.2
1400000US26023951200,"Census Tract 9512, Branch County, Michigan",2075,19,22.1,17.1,10,31.9
1400000US26023951300,"Census Tract 9513, Branch County, Michigan",1466,26.1,17.5,25,9.8,21.7
1400000US26023951400,"Census Tract 9514, Branch County, Michigan",1893,11,21.9,26.9,8.9,31.3
1400000US26023951500,"Census Tract 9515, Branch County, Michigan",1464,30.9,20,20.8,6.6,21.7
1400000US26023951600,"Census Tract 9516, Branch County, Michigan",1553,18.2,23.6,22,7.5,28.8
1400000US26025000200,"Census Tract 2, Calhoun County, Michigan",1313,21.6,36.2,14.7,6.4,21.1
1400000US26025000300,"Census Tract 3, Calhoun County, Michigan",606,15.2,17.7,11.4,0,55.8
1400000US26025000500,"Census Tract 5, Calhoun County, Michigan",1325,13,20.6,27.5,5.8,33.1
1400000US26025000600,"Census Tract 6, Calhoun County, Michigan",780,15.5,21.2,19.5,11.9,31.9
1400000US26025000700,"Census Tract 7, Calhoun County, Michigan",1028,4.7,32.1,21.5,3.4,38.3
1400000US26025000800,"Census Tract 8, Calhoun County, Michigan",1240,17.9,26.5,19.8,7.7,28.1
1400000US26025000900,"Census Tract 9, Calhoun County, Michigan",1719,33.4,20.9,24.7,4.8,16.1
1400000US26025001000,"Census Tract 10, Calhoun County, Michigan",1232,19.6,21.6,23.4,11,24.4
1400000US26025001100,"Census Tract 11, Calhoun County, Michigan",1991,26.9,22.4,18.6,4.8,27.3
1400000US26025001200,"Census Tract 12, Calhoun County, Michigan",1111,24.9,18.2,28.4,2.7,25.8
1400000US26025001300,"Census Tract 13, Calhoun County, Michigan",1645,17.8,19.8,19.6,10.3,32.5
1400000US26025001400,"Census Tract 14, Calhoun County, Michigan",1859,21.3,18.5,19.8,12.6,27.8
1400000US26025001500,"Census Tract 15, Calhoun County, Michigan",2527,43.7,16.8,17.7,4.6,17.1
1400000US26025001600,"Census Tract 16, Calhoun County, Michigan",1300,33.2,13.8,29.8,1.4,21.8
1400000US26025001700,"Census Tract 17, Calhoun County, Michigan",1927,35.1,17.2,26.3,3.1,18.3
1400000US26025001800,"Census Tract 18, Calhoun County, Michigan",3106,37.4,14.8,22.8,4.4,20.6
1400000US26025001900,"Census Tract 19, Calhoun County, Michigan",1841,38,20.2,20.9,4,16.9
1400000US26025002000,"Census Tract 20, Calhoun County, Michigan",2557,31.5,16.7,24.6,5.8,21.5
1400000US26025002100,"Census Tract 21, Calhoun County, Michigan",498,15.9,25.5,14.9,16.3,27.5
1400000US26025002200,"Census Tract 22, Calhoun County, Michigan",1485,42.9,12.1,24,5.9,15.1
1400000US26025002300,"Census Tract 23, Calhoun County, Michigan",1732,27.7,12.2,26.7,3.5,29.8
1400000US26025002400,"Census Tract 24, Calhoun County, Michigan",1072,25.5,15.7,28.1,10.7,20.1
1400000US26025002500,"Census Tract 25, Calhoun County, Michigan",1790,22.9,15,27.4,13.7,21
1400000US26025002600,"Census Tract 26, Calhoun County, Michigan",860,19.2,16.4,22.1,2.3,40
1400000US26025002700,"Census Tract 27, Calhoun County, Michigan",2920,33.3,17.5,27.3,9.8,12.1
1400000US26025002800,"Census Tract 28, Calhoun County, Michigan",2005,22.6,18.6,23,10.1,25.7
1400000US26025002900,"Census Tract 29, Calhoun County, Michigan",1324,27.6,17.7,20.9,10.9,23
1400000US26025003000,"Census Tract 30, Calhoun County, Michigan",1042,30.2,14.5,18.2,11.9,25.1
1400000US26025003100,"Census Tract 31, Calhoun County, Michigan",1189,23.2,20.1,16,10.3,30.4
1400000US26025003200,"Census Tract 32, Calhoun County, Michigan",938,29.3,19,21.7,7.2,22.7
1400000US26025003300,"Census Tract 33, Calhoun County, Michigan",650,32.6,30,20.9,4,12.5
1400000US26025003400,"Census Tract 34, Calhoun County, Michigan",1024,31.1,27.7,18.9,7.3,14.9
1400000US26025003500,"Census Tract 35, Calhoun County, Michigan",1002,24.2,27.7,27.6,2.5,18
1400000US26025003600,"Census Tract 36, Calhoun County, Michigan",756,7.8,33.1,16.7,4,38.5
1400000US26025003700,"Census Tract 37, Calhoun County, Michigan",1863,27.3,17.2,18.5,12.9,24.1
1400000US26025003800,"Census Tract 38, Calhoun County, Michigan",2280,43.6,14.1,17.9,10.4,13.9
1400000US26025003900,"Census Tract 39, Calhoun County, Michigan",1847,44.1,15.9,15.4,11.2,13.4
1400000US26025004000,"Census Tract 40, Calhoun County, Michigan",1924,24,21.2,22.7,6.2,25.9
1400000US26025004100,"Census Tract 41, Calhoun County, Michigan",641,19.7,39.8,8,11.9,20.7
1400000US26027001000,"Census Tract 10, Cass County, Michigan",1700,31.6,9.4,25.9,10.4,22.7
1400000US26027001100,"Census Tract 11, Cass County, Michigan",1381,21.2,22.5,19.9,11.2,25.1
1400000US26027001200,"Census Tract 12, Cass County, Michigan",1292,36.1,15,18.9,12.9,17.1
1400000US26027001500,"Census Tract 15, Cass County, Michigan",1825,28.5,18.5,20.2,14.6,18.2
1400000US26027001600,"Census Tract 16, Cass County, Michigan",1641,23.3,15.7,21.8,12.3,26.9
1400000US26027001700,"Census Tract 17, Cass County, Michigan",2402,23.3,16,19.4,13.5,27.8
1400000US26027001800,"Census Tract 18, Cass County, Michigan",3909,35.2,10.8,27.2,7.9,18.9
1400000US26027001900,"Census Tract 19, Cass County, Michigan",2082,21.7,19.3,24.8,14.1,20.2
1400000US26027002000,"Census Tract 20, Cass County, Michigan",1703,25.1,16.4,17.4,9.7,31.4
1400000US26027002100,"Census Tract 21, Cass County, Michigan",2291,18.4,18.6,23,9.7,30.2
1400000US26027002200,"Census Tract 22, Cass County, Michigan",2520,30.7,14.4,19.3,15,20.6
1400000US26029000100,"Census Tract 1, Charlevoix County, Michigan",804,22.5,24.1,17.2,18,18.2
1400000US26029000200,"Census Tract 2, Charlevoix County, Michigan",607,24.7,21.6,20.9,15.7,17.1
1400000US26029000300,"Census Tract 3, Charlevoix County, Michigan",1131,34.6,18.8,23,11.2,12.4
1400000US26029000400,"Census Tract 4, Charlevoix County, Michigan",1179,30.3,15.9,32.8,9.4,11.6
1400000US26029000500,"Census Tract 5, Charlevoix County, Michigan",223,32.7,22.9,23.8,13,7.6
1400000US26029000800,"Census Tract 8, Charlevoix County, Michigan",1362,28.5,20.1,25.5,11,14.9
1400000US26029000900,"Census Tract 9, Charlevoix County, Michigan",849,38.4,21.6,18.4,9.9,11.8
1400000US26029001000,"Census Tract 10, Charlevoix County, Michigan",926,24.7,18.8,22,15.1,19.3
1400000US26029001100,"Census Tract 11, Charlevoix County, Michigan",847,20.5,21.1,24.4,8,25.9
1400000US26029001200,"Census Tract 12, Charlevoix County, Michigan",1483,28.2,20.2,24.2,8.2,19.2
1400000US26029001300,"Census Tract 13, Charlevoix County, Michigan",647,33.5,19.3,27.5,6.2,13.4
1400000US26029001400,"Census Tract 14, Charlevoix County, Michigan",625,31.8,18.1,25.4,9.1,15.5
1400000US26029001500,"Census Tract 15, Charlevoix County, Michigan",1163,25.6,26.5,24.1,5.8,18
1400000US26029990000,"Census Tract 9900, Charlevoix County, Michigan",0,-,-,-,-,-
1400000US26031960100,"Census Tract 9601, Cheboygan County, Michigan",1333,24.4,26.9,20.7,13.4,14.6
1400000US26031960200,"Census Tract 9602, Cheboygan County, Michigan",1071,23.3,27.1,28.9,13.6,7
1400000US26031960300,"Census Tract 9603, Cheboygan County, Michigan",1588,28.5,20.7,27.2,11.7,12
1400000US26031960400,"Census Tract 9604, Cheboygan County, Michigan",1326,28.3,17.9,26.9,14.2,12.7
1400000US26031960500,"Census Tract 9605, Cheboygan County, Michigan",1138,29.1,16.8,33.4,9.5,11.2
1400000US26031960600,"Census Tract 9606, Cheboygan County, Michigan",1003,27.4,28.6,18.8,19.4,5.7
1400000US26031960700,"Census Tract 9607, Cheboygan County, Michigan",1297,24.4,17.3,23.2,17,18
1400000US26031960800,"Census Tract 9608, Cheboygan County, Michigan",1407,16,24.7,25.2,15.4,18.8
1400000US26031990000,"Census Tract 9900, Cheboygan County, Michigan",0,-,-,-,-,-
1400000US26033970100,"Census Tract 9701, Chippewa County, Michigan",1285,36.3,18.7,23.4,7.6,14
1400000US26033970200,"Census Tract 9702, Chippewa County, Michigan",1509,36.1,27.1,25.2,6,5.6
1400000US26033970300,"Census Tract 9703, Chippewa County, Michigan",2045,24.3,31.9,25,4.1,14.8
1400000US26033970400,"Census Tract 9704, Chippewa County, Michigan",1491,30.9,28.1,25.8,7.3,7.9
1400000US26033970500,"Census Tract 9705, Chippewa County, Michigan",1470,26.5,29.7,23.2,9.3,11.3
1400000US26033970600,"Census Tract 9706, Chippewa County, Michigan",2196,32.4,23.5,28.2,7.7,8.2
1400000US26033970700,"Census Tract 9707, Chippewa County, Michigan",315,20.6,36.8,17.8,15.2,9.5
1400000US26033970800,"Census Tract 9708, Chippewa County, Michigan",1891,29.1,27.1,19.2,8,16.6
1400000US26033970900,"Census Tract 9709, Chippewa County, Michigan",1124,25.2,27.5,19.3,11.6,16.5
1400000US26033971000,"Census Tract 9710, Chippewa County, Michigan",1215,27.8,25.9,21,11.1,14.2
1400000US26033971100,"Census Tract 9711, Chippewa County, Michigan",567,25.9,17.8,31.6,13.9,10.8
1400000US26033980100,"Census Tract 9801, Chippewa County, Michigan",0,-,-,-,-,-
1400000US26033980200,"Census Tract 9802, Chippewa County, Michigan",0,-,-,-,-,-
1400000US26033980300,"Census Tract 9803, Chippewa County, Michigan",0,-,-,-,-,-
1400000US26033990000,"Census Tract 9900, Chippewa County, Michigan",0,-,-,-,-,-
1400000US26033990100,"Census Tract 9901, Chippewa County, Michigan",0,-,-,-,-,-
1400000US26035000100,"Census Tract 1, Clare County, Michigan",479,21.9,29.2,22.1,12.7,14
1400000US26035000200,"Census Tract 2, Clare County, Michigan",484,25.8,12.4,23.3,21.3,17.1
1400000US26035000300,"Census Tract 3, Clare County, Michigan",606,12.2,23.9,19.1,11.6,33.2
1400000US26035000400,"Census Tract 4, Clare County, Michigan",1478,26,23.5,20.9,15.6,13.9
1400000US26035000500,"Census Tract 5, Clare County, Michigan",473,23.3,24.1,16.3,11,25.4
1400000US26035000600,"Census Tract 6, Clare County, Michigan",1618,24.2,24.4,31.2,9,11.2
1400000US26035000700,"Census Tract 7, Clare County, Michigan",1311,33.9,14.9,21.5,10.2,19.5
1400000US26035000800,"Census Tract 8, Clare County, Michigan",1568,27.6,21.9,19.8,12.9,17.9
1400000US26035000900,"Census Tract 9, Clare County, Michigan",515,21.6,31.5,19.6,14.6,12.8
1400000US26035001000,"Census Tract 10, Clare County, Michigan",979,22.5,26,20.9,15.3,15.2
1400000US26035001300,"Census Tract 13, Clare County, Michigan",1277,21.9,23.6,23.2,11.5,19.8
1400000US26037010104,"Census Tract 101.04, Clinton County, Michigan",1492,54.8,10.7,19,2.7,12.8
1400000US26037010105,"Census Tract 101.05, Clinton County, Michigan",1944,55.7,14.4,19.1,4.5,6.3
1400000US26037010107,"Census Tract 101.07, Clinton County, Michigan",2022,41.8,19.3,23.8,5.4,9.7
1400000US26037010108,"Census Tract 101.08, Clinton County, Michigan",2153,56,9.6,19.5,3.6,11.3
1400000US26037010201,"Census Tract 102.01, Clinton County, Michigan",1164,35.5,14.5,16,10.8,23.2
1400000US26037010203,"Census Tract 102.03, Clinton County, Michigan",564,27.3,31.4,20.2,12.1,9
1400000US26037010204,"Census Tract 102.04, Clinton County, Michigan",904,43.8,15.6,22.9,10.4,7.3
1400000US26037010300,"Census Tract 103, Clinton County, Michigan",2540,45.5,8.5,26.6,6.5,12.9
1400000US26037010400,"Census Tract 104, Clinton County, Michigan",2644,37.6,14.5,22.2,13.7,11.9
1400000US26037010500,"Census Tract 105, Clinton County, Michigan",1741,34.4,14.5,22.7,17.9,10.5
1400000US26037010600,"Census Tract 106, Clinton County, Michigan",1240,26.9,13.5,21,19.4,19.1
1400000US26037010701,"Census Tract 107.01, Clinton County, Michigan",1026,31.3,17.2,25.9,9.2,16.5
1400000US26037010702,"Census Tract 107.02, Clinton County, Michigan",1008,26.1,17.1,23.1,13.5,20.2
1400000US26037010801,"Census Tract 108.01, Clinton County, Michigan",1801,23.9,18.7,33.9,9.2,14.3
1400000US26037010802,"Census Tract 108.02, Clinton County, Michigan",1674,36.1,14.3,28,8.1,13.4
1400000US26037010901,"Census Tract 109.01, Clinton County, Michigan",1125,28.3,20,26.9,10,14.8
1400000US26037010902,"Census Tract 109.02, Clinton County, Michigan",2216,35.9,11.8,25.9,10.5,15.8
1400000US26037011001,"Census Tract 110.01, Clinton County, Michigan",1735,22.4,21.3,25.4,13.3,17.6
1400000US26037011002,"Census Tract 110.02, Clinton County, Michigan",1638,39.1,13.6,25,9,13.3
1400000US26037011101,"Census Tract 111.01, Clinton County, Michigan",2042,48.6,17.7,16,9.8,7.9
1400000US26037011104,"Census Tract 111.04, Clinton County, Michigan",2706,52.7,14.1,22.4,3.5,7.3
1400000US26037011200,"Census Tract 112, Clinton County, Michigan",1332,36,37.3,24.1,0,2.6
1400000US26039960100,"Census Tract 9601, Crawford County, Michigan",752,25,20.6,20.3,16.5,17.6
1400000US26039960200,"Census Tract 9602, Crawford County, Michigan",1407,28.7,26.2,20,9.5,15.6
1400000US26039960300,"Census Tract 9603, Crawford County, Michigan",1468,23.4,26.2,25.4,10.6,14.4
1400000US26039960400,"Census Tract 9604, Crawford County, Michigan",804,33.1,18.3,24.3,10.9,13.4
1400000US26039960500,"Census Tract 9605, Crawford County, Michigan",757,22.9,19.9,17.8,14.4,25
1400000US26041970100,"Census Tract 9701, Delta County, Michigan",520,31.2,9.4,23.8,17.1,18.5
1400000US26041970200,"Census Tract 9702, Delta County, Michigan",935,25,20.2,21.5,14.1,19.1
1400000US26041970300,"Census Tract 9703, Delta County, Michigan",973,22.6,15.2,24.4,13.7,24.2
1400000US26041970400,"Census Tract 9704, Delta County, Michigan",2376,38.2,14.1,18.3,11.3,18.1
1400000US26041970500,"Census Tract 9705, Delta County, Michigan",1927,22.8,13.8,28.7,12.3,22.4
1400000US26041970600,"Census Tract 9706, Delta County, Michigan",1769,27.1,20.9,25.9,8.2,17.8
1400000US26041970700,"Census Tract 9707, Delta County, Michigan",1773,31,14.7,21.4,13.5,19.4
1400000US26041970800,"Census Tract 9708, Delta County, Michigan",1678,19.7,25.7,28.4,7.8,18.4
1400000US26041970900,"Census Tract 9709, Delta County, Michigan",1139,30.8,18.9,21.7,6.8,21.8
1400000US26041971000,"Census Tract 9710, Delta County, Michigan",1238,25.7,25.5,24,6.2,18.6
1400000US26041971100,"Census Tract 9711, Delta County, Michigan",1359,24.7,29.9,21.5,9.3,14.7
1400000US26041990000,"Census Tract 9900, Delta County, Michigan",0,-,-,-,-,-
1400000US26041990100,"Census Tract 9901, Delta County, Michigan",0,-,-,-,-,-
1400000US26043950100,"Census Tract 9501, Dickinson County, Michigan",689,25.7,19.7,20,18.7,15.8
1400000US26043950200,"Census Tract 9502, Dickinson County, Michigan",1995,32.3,17.3,22.8,13.5,14
1400000US26043950300,"Census Tract 9503, Dickinson County, Michigan",2061,32.9,16.3,21.9,13.4,15.5
1400000US26043950400,"Census Tract 9504, Dickinson County, Michigan",1760,40.7,18.7,12.7,8.9,18.9
1400000US26043950500,"Census Tract 9505, Dickinson County, Michigan",1185,30.8,18.6,25.9,6.9,17.7
1400000US26043950600,"Census Tract 9506, Dickinson County, Michigan",1943,27.4,22.3,25.2,9.6,15.5
1400000US26043950700,"Census Tract 9507, Dickinson County, Michigan",1478,39.2,13.8,25.6,8.3,13.1
1400000US26045020101,"Census Tract 201.01, Eaton County, Michigan",1394,44.3,17.2,25.6,4.1,8.8
1400000US26045020102,"Census Tract 201.02, Eaton County, Michigan",1767,30.1,20.9,29.7,5.1,14.3
1400000US26045020103,"Census Tract 201.03, Eaton County, Michigan",2175,40.5,14.8,28.2,5.9,10.7
1400000US26045020104,"Census Tract 201.04, Eaton County, Michigan",2108,32.1,11.3,28.6,2.8,25.2
1400000US26045020201,"Census Tract 202.01, Eaton County, Michigan",1477,35.5,14.2,22.1,7.7,20.6
1400000US26045020202,"Census Tract 202.02, Eaton County, Michigan",2017,22.8,24.9,25.3,4.2,22.8
1400000US26045020302,"Census Tract 203.02, Eaton County, Michigan",3163,45.2,15.8,26.4,5.8,6.7
1400000US26045020303,"Census Tract 203.03, Eaton County, Michigan",1771,31.8,16.5,28.5,6.5,16.7
1400000US26045020304,"Census Tract 203.04, Eaton County, Michigan",2597,57.1,10.6,17.7,5.9,8.9
1400000US26045020402,"Census Tract 204.02, Eaton County, Michigan",1463,42.3,15.2,28.1,6.4,8
1400000US26045020403,"Census Tract 204.03, Eaton County, Michigan",1524,31.4,18,30.4,10.8,9.5
1400000US26045020404,"Census Tract 204.04, Eaton County, Michigan",2074,42.9,13.6,22.2,6.2,15
1400000US26045020500,"Census Tract 205, Eaton County, Michigan",1773,32.1,19.5,24.1,10.2,14
1400000US26045020601,"Census Tract 206.01, Eaton County, Michigan",1875,26.2,18.1,30.7,6.2,18.8
1400000US26045020602,"Census Tract 206.02, Eaton County, Michigan",1682,29.9,16.5,26.2,12.1,15.3
1400000US26045020700,"Census Tract 207, Eaton County, Michigan",1766,22.7,13.5,25.3,13,25.5
1400000US26045020800,"Census Tract 208, Eaton County, Michigan",2126,23,13.5,26.3,14.7,22.3
1400000US26045020901,"Census Tract 209.01, Eaton County, Michigan",1678,27.1,25.2,26.3,5.6,15.8
1400000US26045020902,"Census Tract 209.02, Eaton County, Michigan",1793,25.2,18.9,26.7,11.8,17.5
1400000US26045021001,"Census Tract 210.01, Eaton County, Michigan",1943,30.1,15.7,30.3,5.6,18.4
1400000US26045021002,"Census Tract 210.02, Eaton County, Michigan",1815,28.5,12.9,21.2,13.7,23.7
1400000US26045021100,"Census Tract 211, Eaton County, Michigan",2265,29.6,16.6,24.6,8.2,21.1
1400000US26045021201,"Census Tract 212.01, Eaton County, Michigan",1482,28.7,18.4,25,14.4,13.5
1400000US26045021202,"Census Tract 212.02, Eaton County, Michigan",1787,31.1,16.1,28.3,13,11.6
1400000US26045021301,"Census Tract 213.01, Eaton County, Michigan",1465,33,24.2,17.3,9.4,16.1
1400000US26045021302,"Census Tract 213.02, Eaton County, Michigan",1497,29.2,19.2,22,12.6,17
1400000US26045021401,"Census Tract 214.01, Eaton County, Michigan",1827,28.6,15.1,34,6.8,15.4
1400000US26045021402,"Census Tract 214.02, Eaton County, Michigan",1980,43.5,12.7,22.7,9.9,11.3
1400000US26047970100,"Census Tract 9701, Emmet County, Michigan",852,24.6,27.9,24.9,13.8,8.7
1400000US26047970200,"Census Tract 9702, Emmet County, Michigan",2771,24,25.8,24.8,11.1,14.4
1400000US26047970300,"Census Tract 9703, Emmet County, Michigan",1914,38.3,18.4,25.4,9.7,8.2
1400000US26047970400,"Census Tract 9704, Emmet County, Michigan",1226,44,13.7,24.2,12.5,5.5
1400000US26047970500,"Census Tract 9705, Emmet County, Michigan",2242,30.9,19.2,23.3,14,12.6
1400000US26047970600,"Census Tract 9706, Emmet County, Michigan",2839,38.1,18.9,24.5,10.3,8.1
1400000US26047970700,"Census Tract 9707, Emmet County, Michigan",2084,40.2,24.8,23.1,5.8,6.2
1400000US26047970800,"Census Tract 9708, Emmet County, Michigan",1980,40.8,26.6,17.4,7.1,8.1
1400000US26047990000,"Census Tract 9900, Emmet County, Michigan",0,-,-,-,-,-
1400000US26049000100,"Census Tract 1, Genesee County, Michigan",668,18.7,29.9,25.9,4.6,20.8
1400000US26049000200,"Census Tract 2, Genesee County, Michigan",422,18.7,33.2,16.4,8.5,23.2
1400000US26049000300,"Census Tract 3, Genesee County, Michigan",839,11.2,54.7,12.5,2,19.5
1400000US26049000400,"Census Tract 4, Genesee County, Michigan",293,6.1,43.3,28.7,0,21.8
1400000US26049000500,"Census Tract 5, Genesee County, Michigan",520,16.2,11.2,35.4,3.5,33.8
1400000US26049000600,"Census Tract 6, Genesee County, Michigan",490,10.6,20,38.6,9.8,21
1400000US26049000700,"Census Tract 7, Genesee County, Michigan",783,8.4,28.2,29,2.4,31.9
1400000US26049000800,"Census Tract 8, Genesee County, Michigan",179,9.5,25.1,12.3,10.1,43
1400000US26049000900,"Census Tract 9, Genesee County, Michigan",915,21.5,35.4,25.6,0,17.5
1400000US26049001000,"Census Tract 10, Genesee County, Michigan",332,20.5,35.2,13.6,11.1,19.6
1400000US26049001100,"Census Tract 11, Genesee County, Michigan",344,2.9,69.5,23.8,0,3.8
1400000US26049001200,"Census Tract 12, Genesee County, Michigan",1000,20.8,22.5,26.5,4.3,25.9
1400000US26049001300,"Census Tract 13, Genesee County, Michigan",946,24.8,31.9,18.5,3.7,21
1400000US26049001400,"Census Tract 14, Genesee County, Michigan",323,21.1,30.7,12.4,5.3,30.7
1400000US26049001500,"Census Tract 15, Genesee County, Michigan",336,27.4,30.7,11.3,11.6,19
1400000US26049001600,"Census Tract 16, Genesee County, Michigan",1838,27.7,31.3,19.2,10.6,11.3
1400000US26049001700,"Census Tract 17, Genesee County, Michigan",351,11.7,30.2,20.8,6.6,30.8
1400000US26049001800,"Census Tract 18, Genesee County, Michigan",467,16.5,42.2,24.2,4.5,12.6
1400000US26049001900,"Census Tract 19, Genesee County, Michigan",766,2.6,28.1,35.9,7.6,25.8
1400000US26049002000,"Census Tract 20, Genesee County, Michigan",185,9.2,31.9,28.6,5.4,24.9
1400000US26049002200,"Census Tract 22, Genesee County, Michigan",561,1.1,33.5,30.8,13.9,20.7
1400000US26049002300,"Census Tract 23, Genesee County, Michigan",603,5.1,45.6,22.2,12.9,14.1
1400000US26049002400,"Census Tract 24, Genesee County, Michigan",1095,8.5,28.1,32.8,16.1,14.5
1400000US26049002600,"Census Tract 26, Genesee County, Michigan",863,7.8,36.2,27.7,5,23.4
1400000US26049002700,"Census Tract 27, Genesee County, Michigan",1435,19.2,35.1,21.1,11.8,12.8
1400000US26049002800,"Census Tract 28, Genesee County, Michigan",881,35.5,25.5,27.1,5.4,6.4
1400000US26049002900,"Census Tract 29, Genesee County, Michigan",547,26.9,26.3,17,0.9,28.9
1400000US26049003000,"Census Tract 30, Genesee County, Michigan",1661,31.5,26.3,21.4,9.9,10.8
1400000US26049003100,"Census Tract 31, Genesee County, Michigan",706,20.3,24.2,24.2,7.4,23.9
1400000US26049003200,"Census Tract 32, Genesee County, Michigan",487,15.4,34.9,16.4,4.7,28.5
1400000US26049003300,"Census Tract 33, Genesee County, Michigan",794,28.2,30.4,19.3,7.4,14.7
1400000US26049003400,"Census Tract 34, Genesee County, Michigan",465,8.4,46,18.3,7.7,19.6
1400000US26049003500,"Census Tract 35, Genesee County, Michigan",1079,24.4,15.3,28.3,16.3,15.8
1400000US26049003600,"Census Tract 36, Genesee County, Michigan",2134,30.8,18.7,22.8,8.3,19.4
1400000US26049003700,"Census Tract 37, Genesee County, Michigan",842,22.4,12.5,32.8,14.3,18.1
1400000US26049003800,"Census Tract 38, Genesee County, Michigan",317,1.6,31.5,36.9,13.2,16.7
1400000US26049004000,"Census Tract 40, Genesee County, Michigan",1328,11.6,19.9,22.2,16.4,29.9
1400000US26049010110,"Census Tract 101.10, Genesee County, Michigan",976,26.1,21.5,26.5,10.8,15.1
1400000US26049010111,"Census Tract 101.11, Genesee County, Michigan",397,27,16.4,27.2,9.3,20.2
1400000US26049010112,"Census Tract 101.12, Genesee County, Michigan",1165,22.2,20.1,25.3,12.7,19.7
1400000US26049010113,"Census Tract 101.13, Genesee County, Michigan",1022,22.9,30.8,17.6,7.6,21
1400000US26049010114,"Census Tract 101.14, Genesee County, Michigan",1205,37.3,12.9,31.1,7.6,11
1400000US26049010115,"Census Tract 101.15, Genesee County, Michigan",409,21,17.4,30.3,13.7,17.6
1400000US26049010201,"Census Tract 102.01, Genesee County, Michigan",659,47.3,9.3,19.4,14.6,9.4
1400000US26049010202,"Census Tract 102.02, Genesee County, Michigan",748,26.6,18.4,29.1,9.9,15.9
1400000US26049010304,"Census Tract 103.04, Genesee County, Michigan",939,13.5,30.8,24.8,3.1,27.8
1400000US26049010305,"Census Tract 103.05, Genesee County, Michigan",1327,14.2,22.4,25.6,6.9,30.8
1400000US26049010501,"Census Tract 105.01, Genesee County, Michigan",672,8.8,36.5,36.3,4.2,14.3
1400000US26049010502,"Census Tract 105.02, Genesee County, Michigan",1419,28.1,32.3,19.8,5,14.8
1400000US26049010503,"Census Tract 105.03, Genesee County, Michigan",864,33.2,13.4,26.3,12.5,14.6
1400000US26049010504,"Census Tract 105.04, Genesee County, Michigan",1426,14.2,22.2,26.2,13.1,24.4
1400000US26049010603,"Census Tract 106.03, Genesee County, Michigan",2259,40.9,12.1,29.2,5.4,12.4
1400000US26049010604,"Census Tract 106.04, Genesee County, Michigan",929,31.4,14.1,34.4,6.5,13.6
1400000US26049010610,"Census Tract 106.10, Genesee County, Michigan",2323,44.7,8.4,30.3,4.6,12
1400000US26049010700,"Census Tract 107, Genesee County, Michigan",2112,40.8,17.1,22.2,10.1,9.8
1400000US26049010810,"Census Tract 108.10, Genesee County, Michigan",1932,52.9,7.8,24.5,3.6,11.1
1400000US26049010811,"Census Tract 108.11, Genesee County, Michigan",788,28.6,27.9,21.8,3.7,18
1400000US26049010812,"Census Tract 108.12, Genesee County, Michigan",1022,15.6,33.2,29.5,4,17.7
1400000US26049010813,"Census Tract 108.13, Genesee County, Michigan",1942,20.7,22.9,31.5,3.9,21
1400000US26049010910,"Census Tract 109.10, Genesee County, Michigan",1307,17.9,13.4,27.1,21.5,20.1
1400000US26049010911,"Census Tract 109.11, Genesee County, Michigan",1507,27.1,31.6,17.9,2.3,21.1
1400000US26049010912,"Census Tract 109.12, Genesee County, Michigan",1168,17.6,22.3,22.9,13.8,23.3
1400000US26049011010,"Census Tract 110.10, Genesee County, Michigan",2600,29.8,21.4,21.8,11.8,15.1
1400000US26049011101,"Census Tract 111.01, Genesee County, Michigan",3919,55.4,9.6,23.2,2.6,9.2
1400000US26049011102,"Census Tract 111.02, Genesee County, Michigan",3001,44.2,14.2,28.9,5.9,6.7
1400000US26049011209,"Census Tract 112.09, Genesee County, Michigan",2664,45.6,10,31.6,1.3,11.6
1400000US26049011210,"Census Tract 112.10, Genesee County, Michigan",835,26.2,19.9,31.1,4.2,18.6
1400000US26049011211,"Census Tract 112.11, Genesee County, Michigan",2393,31.9,17.1,27,10.7,13.3
1400000US26049011212,"Census Tract 112.12, Genesee County, Michigan",2727,33.8,20.8,26.5,3.7,15.2
1400000US26049011213,"Census Tract 112.13, Genesee County, Michigan",2386,50,14.6,19.2,8.3,8
